1683105343003 4.9757419210919265 0
1683105467606 4.727535070046871 1
1683105592342 4.186600056625682 2
1683105716996 3.4626545835528852 3
1683105841775 2.8893037625318447 4
1683105965928 2.4721910057688605 5
1683106090254 2.111029333616855 6
1683106214915 1.8347565845624936 7
1683106339633 1.5734252164349753 8
1683106463647 1.3188165089435127 9
1683106587732 1.1347870040222032 10
1683106715364 0.9594406854118821 11
1683106841160 0.7882884468376283 12
1683106967615 0.6817489888893782 13
1683107091499 0.5730797792591992 14
1683107220269 0.502882058847938 15
1683107345054 0.4179233271165712 16
1683107469851 0.3468241320382914 17
1683107594739 0.26705158750950936 18
1683107717612 0.2585354509526456 19
1683107840539 0.23950048226356155 20
1683107963634 0.24742061738475893 21
1683108086690 0.2162257265189343 22
1683108210186 0.22274580134971608 23
1683108333274 0.2054881003393224 24
1683108457018 0.21120874913266072 25
1683108579833 0.19473501442540328 26
1683108702748 0.2079613051933826 27
1683108825672 0.20454478316758512 28
1683108948295 0.2012381688223259 29
1683109071116 0.20455378923322676 30
1683109194252 0.20780369027148513 31
1683109317391 0.2083232319698884 32
1683109440252 0.1993118203327765 33
1683109563400 0.1969871348177893 34
1683109686251 0.2057443585125564 35
1683109809095 0.2086623730964562 36
1683109932199 0.1939497619713023 37
1683110054735 0.20589058175021727 38
1683110177224 0.20303682742651397 39
1683110300140 0.21405129026643624 40
1683110422984 0.20820126738729913 41
1683110545933 0.20911827277855055 42
1683110669307 0.21930395915398937 43
1683110792705 0.20169150531732824 44
1683110915758 0.20547857429810176 45
1683111038555 0.19961545503968317 46
1683111161634 0.21561720522021402 47
1683111284494 0.2121450716971293 48
1683111407244 0.1974207378824699 49
