1683105343003 0.06992110453648921 0
1683105467606 0.09526627218934935 1
1683105592342 0.12495069033530587 2
1683105716996 0.17978303747534533 3
1683105841775 0.2498027613412228 4
1683105965928 0.3189349112426028 5
1683106090254 0.3910256410256408 6
1683106214915 0.45335305719921115 7
1683106339633 0.5164694280078896 8
1683106463647 0.5854043392504918 9
1683106587732 0.6391518737672565 10
1683106715364 0.6892504930966457 11
1683106841160 0.742406311637081 12
1683106967615 0.7767258382643014 13
1683107091499 0.8115384615384632 14
1683107220269 0.8358974358974378 15
1683107345054 0.8649901380670638 16
1683107469851 0.8868836291913231 17
1683107594739 0.9186390532544381 18
1683107717612 0.9224852071005916 19
1683107840539 0.9287968441814597 20
1683107963634 0.9262327416173567 21
1683108086690 0.9358974358974357 22
1683108210186 0.9341222879684412 23
1683108333274 0.9377712031558186 24
1683108457018 0.9365877712031558 25
1683108579833 0.9434911242603541 26
1683108702748 0.9396449704142013 27
1683108825672 0.9386587771203154 28
1683108948295 0.9394477317554233 29
1683109071116 0.9385601577909267 30
1683109194252 0.9390532544378698 31
1683109317391 0.9401380670611432 32
1683109440252 0.9393491124260348 33
1683109563400 0.9420118343195264 34
1683109686251 0.9384615384615382 35
1683109809095 0.9410256410256405 36
1683109932199 0.9445759368836282 37
1683110054735 0.9421104536489143 38
1683110177224 0.9402366863905323 39
1683110300140 0.9364891518737665 40
1683110422984 0.9398422090729786 41
1683110545933 0.9383629191321494 42
1683110669307 0.9373767258382647 43
1683110792705 0.9386587771203145 44
1683110915758 0.9370808678500977 45
1683111038555 0.9382642998027612 46
1683111161634 0.9393491124260348 47
1683111284494 0.9373767258382639 48
1683111407244 0.9426035502958574 49
