1683099181556 0.07189349112426036 0
1683099305805 0.10266272189349128 1
1683099429937 0.1413214990138069 2
1683099554249 0.20818540433925048 3
1683099678167 0.2892504930966466 4
1683099803049 0.3641025641025638 5
1683099927746 0.44970414201183423 6
1683100052191 0.5272189349112422 7
1683100176753 0.6071005917159746 8
1683100301352 0.6782051282051264 9
1683100425735 0.7279092702169623 10
1683100548697 0.7756410256410269 11
1683100671858 0.8209072978303765 12
1683100794699 0.8444773175542424 13
1683100917283 0.8743589743589768 14
1683101040410 0.8937869822485215 15
1683101163028 0.9101577909270226 16
1683101285886 0.9347140039447726 17
1683101408675 0.9479289940828394 18
1683101531378 0.9496055226824454 19
1683101654537 0.9513806706114388 20
1683101777084 0.9500986193293883 21
1683101899958 0.9563116370808672 22
1683102023040 0.9575936883629177 23
1683102145736 0.9588757396449691 24
1683102268405 0.9588757396449703 25
1683102391142 0.9566074950690324 26
1683102513725 0.9564102564102553 27
1683102636984 0.9609467455621296 28
1683102759781 0.9562130177514779 29
1683102882321 0.9601577909270208 30
1683103005542 0.9557199211045361 31
1683103128450 0.9575936883629184 32
1683103251815 0.9595660749506892 33
1683103374693 0.9561143984220891 34
1683103497564 0.9560157790927013 35
1683103620095 0.9574950690335299 36
1683103742604 0.9544378698224842 37
1683103865518 0.9533530571992097 38
1683103988092 0.9545364891518724 39
1683104111229 0.956015779092701 40
1683104234074 0.9551282051282047 41
1683104356619 0.9585798816568035 42
1683104479725 0.9550295857988162 43
1683104602180 0.9562130177514783 44
1683104725384 0.9535502958579869 45
1683104848068 0.9577909270216957 46
1683104971043 0.9579881656804718 47
1683105093921 0.9633136094674544 48
1683105217017 0.959861932938855 49
