1683099181556 4.953723158356706 0
1683099305805 4.658386274907716 1
1683099429937 3.955120346955294 2
1683099554249 3.211893290457641 3
1683099678167 2.6330254448236095 4
1683099803049 2.211010642305634 5
1683099927746 1.8347745714102976 6
1683100052191 1.5437216409564725 7
1683100176753 1.2468726217041355 8
1683100301352 1.0112666344854253 9
1683100425735 0.8327412107992455 10
1683100548697 0.6787184842768506 11
1683100671858 0.5378657798089924 12
1683100794699 0.4696118108399168 13
1683100917283 0.3929906134774699 14
1683101040410 0.32092297509224454 15
1683101163028 0.29098968022673793 16
1683101285886 0.20696758093676093 17
1683101408675 0.17837610131008386 18
1683101531378 0.16527261751422867 19
1683101654537 0.16295870698812093 20
1683101777084 0.1598801554219257 21
1683101899958 0.15094457872586667 22
1683102023040 0.14533911660291562 23
1683102145736 0.14091348458500302 24
1683102268405 0.14104343479025294 25
1683102391142 0.14720021224079224 26
1683102513725 0.1447251340616825 27
1683102636984 0.13847119833436414 28
1683102759781 0.14990760090612096 29
1683102882321 0.13405736768893764 30
1683103005542 0.16272310451907518 31
1683103128450 0.1479680750728447 32
1683103251815 0.13727058388689567 33
1683103374693 0.14660011413204072 34
1683103497564 0.14235290948896717 35
1683103620095 0.14528289614190187 36
1683103742604 0.14935943192510298 37
1683103865518 0.14814958080495075 38
1683103988092 0.15277916305979505 39
1683104111229 0.14298135668215667 40
1683104234074 0.14495546013921412 41
1683104356619 0.13715710796515 42
1683104479725 0.15023150020031004 43
1683104602180 0.14914656637688362 44
1683104725384 0.1477965553368293 45
1683104848068 0.14259316414572606 46
1683104971043 0.14537676914247888 47
1683105093921 0.12794859634613145 48
1683105217017 0.1400286398921713 49
