1683127943236 2.3e-05 0
1683128127177 2.3e-05 1
1683128260113 2.3e-05 2
1683128419273 2.3e-05 3
1683128543375 2.3e-05 4
1683128667082 2.3e-05 5
1683128793184 2.3e-05 6
1683128924928 2.3e-05 7
1683129053159 2.3e-05 8
1683129177276 2.3e-05 9
1683129300498 2.3e-05 10
1683129424333 2.3e-05 11
1683129547391 2.3e-05 12
1683129669895 2.3e-05 13
1683129793034 2.3e-05 14
1683129915681 2.3e-05 15
1683130038752 2.3e-05 16
1683130162196 2.3e-05 17
1683130285682 2.3e-05 18
1683130409335 2.3e-05 19
1683130532930 2.3e-05 20
1683130655940 2.3e-05 21
1683130779272 2.3e-05 22
1683130902032 2.3e-05 23
1683131025129 2.3e-05 24
1683131147585 2.3e-05 25
1683131270479 2.3e-05 26
1683131393123 2.3e-05 27
1683131516091 2.3e-05 28
1683131638855 2.3e-05 29
1683131761301 2.3e-05 30
1683131883971 2.3e-05 31
1683132002518 2.3e-05 32
1683132125336 2.3e-05 33
1683132243865 2.3e-05 34
1683132362264 2.3e-05 35
1683132480553 2.3e-05 36
1683132598697 2.3e-05 37
1683132716989 2.3e-05 38
1683132835265 2.3e-06 39
1683132953542 2.3e-06 40
1683133072052 2.3e-06 41
1683133190582 2.3e-06 42
1683133309009 2.3e-06 43
1683133427765 2.3e-06 44
1683133546390 2.3000000000000002e-07 45
1683133664716 2.3000000000000002e-07 46
1683133782867 2.3000000000000002e-07 47
1683133900937 2.3000000000000002e-07 48
1683134019283 2.3000000000000002e-07 49
1683134137682 2.3000000000000002e-07 50
1683134256176 2.3000000000000004e-08 51
1683134374533 2.3000000000000004e-08 52
1683134492871 2.3000000000000004e-08 53
1683134611258 2.3000000000000004e-08 54
1683134729555 2.3000000000000004e-08 55
1683134847820 2.3000000000000004e-08 56
1683134966351 2.3000000000000007e-09 57
1683135084736 2.3000000000000007e-09 58
1683135203092 2.3000000000000007e-09 59
1683135321652 2.3000000000000007e-09 60
1683135439834 2.3000000000000007e-09 61
1683135558298 2.3000000000000007e-09 62
1683135676579 2.3000000000000007e-09 63
1683135795184 2.3000000000000007e-09 64
1683135913838 2.3000000000000007e-09 65
1683136032170 2.3000000000000007e-09 66
1683136150779 2.3000000000000007e-09 67
1683136269005 2.3000000000000007e-09 68
1683136387541 2.3000000000000007e-09 69
1683136505856 2.3000000000000007e-09 70
1683136624232 2.3000000000000007e-09 71
1683136742555 2.3000000000000007e-09 72
1683136861020 2.3000000000000007e-09 73
1683136979422 2.3000000000000007e-09 74
1683137098277 2.3000000000000007e-09 75
1683137216474 2.3000000000000007e-09 76
1683137334817 2.3000000000000007e-09 77
1683137452987 2.3000000000000007e-09 78
1683137571461 2.3000000000000007e-09 79
1683137689709 2.3000000000000007e-09 80
1683137808306 2.3000000000000007e-09 81
1683137926634 2.3000000000000007e-09 82
1683138045004 2.3000000000000007e-09 83
1683138163396 2.3000000000000007e-09 84
1683138285189 2.3000000000000007e-09 85
1683138406399 2.3000000000000007e-09 86
1683138525308 2.3000000000000007e-09 87
1683138644239 2.3000000000000007e-09 88
1683138763309 2.3000000000000007e-09 89
1683138882350 2.3000000000000007e-09 90
1683139001009 2.3000000000000007e-09 91
1683139120273 2.3000000000000007e-09 92
1683139239339 2.3000000000000007e-09 93
1683139358212 2.3000000000000007e-09 94
1683139476519 2.3000000000000007e-09 95
1683139594801 2.3000000000000007e-09 96
1683139712901 2.3000000000000007e-09 97
1683139831447 2.3000000000000007e-09 98
1683139949735 2.3000000000000007e-09 99
1683140067837 2.3000000000000007e-09 100
1683140186235 2.3000000000000007e-09 101
1683140304585 2.3000000000000007e-09 102
1683140423023 2.3000000000000007e-09 103
1683140541163 2.3000000000000007e-09 104
1683140659469 2.3000000000000007e-09 105
1683140778192 2.3000000000000007e-09 106
1683140896190 2.3000000000000007e-09 107
1683141014475 2.3000000000000007e-09 108
1683141132914 2.3000000000000007e-09 109
1683141251501 2.3000000000000007e-09 110
1683141370056 2.3000000000000007e-09 111
1683141488796 2.3000000000000007e-09 112
1683141607291 2.3000000000000007e-09 113
1683141725366 2.3000000000000007e-09 114
1683141843701 2.3000000000000007e-09 115
1683141961936 2.3000000000000007e-09 116
1683142080468 2.3000000000000007e-09 117
1683142198579 2.3000000000000007e-09 118
1683142316839 2.3000000000000007e-09 119
1683142435411 2.3000000000000007e-09 120
1683142554094 2.3000000000000007e-09 121
1683142672214 2.3000000000000007e-09 122
1683142790657 2.3000000000000007e-09 123
1683142908899 2.3000000000000007e-09 124
