1683127943236 0 0
1683128127177 1 1
1683128260113 2 2
1683128419273 3 3
1683128543375 4 4
1683128667082 5 5
1683128793184 6 6
1683128924928 7 7
1683129053159 8 8
1683129177276 9 9
1683129300498 10 10
1683129424333 11 11
1683129547391 12 12
1683129669895 13 13
1683129793034 14 14
1683129915681 15 15
1683130038752 16 16
1683130162196 17 17
1683130285682 18 18
1683130409335 19 19
1683130532930 20 20
1683130655940 21 21
1683130779272 22 22
1683130902032 23 23
1683131025129 24 24
1683131147585 25 25
1683131270479 26 26
1683131393123 27 27
1683131516091 28 28
1683131638855 29 29
1683131761301 30 30
1683131883971 31 31
1683132002518 32 32
1683132125336 33 33
1683132243865 34 34
1683132362264 35 35
1683132480553 36 36
1683132598697 37 37
1683132716989 38 38
1683132835265 39 39
1683132953542 40 40
1683133072052 41 41
1683133190582 42 42
1683133309009 43 43
1683133427765 44 44
1683133546390 45 45
1683133664716 46 46
1683133782867 47 47
1683133900937 48 48
1683134019283 49 49
1683134137682 50 50
1683134256176 51 51
1683134374533 52 52
1683134492871 53 53
1683134611258 54 54
1683134729555 55 55
1683134847820 56 56
1683134966351 57 57
1683135084736 58 58
1683135203092 59 59
1683135321652 60 60
1683135439834 61 61
1683135558298 62 62
1683135676579 63 63
1683135795184 64 64
1683135913838 65 65
1683136032170 66 66
1683136150779 67 67
1683136269005 68 68
1683136387541 69 69
1683136505856 70 70
1683136624232 71 71
1683136742555 72 72
1683136861020 73 73
1683136979422 74 74
1683137098277 75 75
1683137216474 76 76
1683137334817 77 77
1683137452987 78 78
1683137571461 79 79
1683137689709 80 80
1683137808306 81 81
1683137926634 82 82
1683138045004 83 83
1683138163396 84 84
1683138285189 85 85
1683138406399 86 86
1683138525308 87 87
1683138644239 88 88
1683138763309 89 89
1683138882350 90 90
1683139001009 91 91
1683139120273 92 92
1683139239339 93 93
1683139358212 94 94
1683139476519 95 95
1683139594801 96 96
1683139712901 97 97
1683139831447 98 98
1683139949735 99 99
1683140067837 100 100
1683140186235 101 101
1683140304585 102 102
1683140423023 103 103
1683140541163 104 104
1683140659469 105 105
1683140778192 106 106
1683140896190 107 107
1683141014475 108 108
1683141132914 109 109
1683141251501 110 110
1683141370056 111 111
1683141488796 112 112
1683141607291 113 113
1683141725366 114 114
1683141843701 115 115
1683141961936 116 116
1683142080468 117 117
1683142198579 118 118
1683142316839 119 119
1683142435411 120 120
1683142554094 121 121
1683142672214 122 122
1683142790657 123 123
1683142908899 124 124
