1683127943236 5.1417922480352996 0
1683128127177 4.8785750454869765 1
1683128260113 4.812393127403823 2
1683128419273 4.760561409842205 3
1683128543375 4.705680337445489 4
1683128667082 4.632735555395117 5
1683128793184 4.5466458433367345 6
1683128924928 4.404655591607681 7
1683129053159 4.191651174000332 8
1683129177276 3.980893660061465 9
1683129300498 3.7841974902035567 10
1683129424333 3.598602421765257 11
1683129547391 3.4241347324672002 12
1683129669895 3.25102001457966 13
1683129793034 3.0955482292645082 14
1683129915681 2.918122546426181 15
1683130038752 2.77094325056217 16
1683130162196 2.6361562853376266 17
1683130285682 2.5151617327347178 18
1683130409335 2.377921726903305 19
1683130532930 2.2577315651137253 20
1683130655940 2.150899745560632 21
1683130779272 2.0623208554507477 22
1683130902032 1.9445565022858493 23
1683131025129 1.8404918315962617 24
1683131147585 1.7385593282765355 25
1683131270479 1.6539316318305255 26
1683131393123 1.576713725851087 27
1683131516091 1.480726084392059 28
1683131638855 1.3904589217871868 29
1683131761301 1.3145650175991903 30
1683131883971 1.2197099530638145 31
1683132002518 1.1655509125422963 32
1683132125336 1.0808159318463555 33
1683132243865 1.039122023605948 34
1683132362264 0.9548284352706571 35
1683132480553 0.9122409565108163 36
1683132598697 0.8541582590840721 37
1683132716989 0.781317534705101 38
1683132835265 0.7480994000517088 39
1683132953542 0.6901130061137852 40
1683133072052 0.6967628078507673 41
1683133190582 0.6754253260020552 42
1683133309009 0.6639164151816532 43
1683133427765 0.6406936956743888 44
1683133546390 0.648982238299741 45
1683133664716 0.6430296980101486 46
1683133782867 0.6378468040175038 47
1683133900937 0.6484848407688987 48
1683134019283 0.6337620793598626 49
1683134137682 0.6494440487746534 50
1683134256176 0.6377850668183689 51
1683134374533 0.6239684856877539 52
1683134492871 0.6382284271599624 53
1683134611258 0.6467973642748565 54
1683134729555 0.6461284681787631 55
1683134847820 0.6410094029797709 56
1683134966351 0.6436921807345498 57
1683135084736 0.6251266714680959 58
1683135203092 0.6436573541516741 59
1683135321652 0.65019652497005 60
1683135439834 0.6309937025819506 61
1683135558298 0.6476030502413294 62
1683135676579 0.6449472117306564 63
1683135795184 0.6381636799262662 64
1683135913838 0.6384274836244255 65
1683136032170 0.6485513146287702 66
1683136150779 0.6335350922469435 67
1683136269005 0.657892507578939 68
1683136387541 0.6340825215642676 69
1683136505856 0.6420833687183305 70
1683136624232 0.6522218809632833 71
1683136742555 0.634596198209988 72
1683136861020 0.6525571286091076 73
1683136979422 0.6477401733692056 74
1683137098277 0.6205062309803047 75
1683137216474 0.6468269667895556 76
1683137334817 0.6429050984641014 77
1683137452987 0.6186351485440297 78
1683137571461 0.6456565999338779 79
1683137689709 0.6323463996055678 80
1683137808306 0.6372965794478731 81
1683137926634 0.6323311254015109 82
1683138045004 0.6442154071894772 83
1683138163396 0.6394993916814551 84
1683138285189 0.6326132158340492 85
1683138406399 0.6425377054167498 86
1683138525308 0.6447425675509598 87
1683138644239 0.6305614091786258 88
1683138763309 0.647669341029792 89
1683138882350 0.630150988624601 90
1683139001009 0.6438441948937665 91
1683139120273 0.6433916426644537 92
1683139239339 0.6216670395118262 93
1683139358212 0.6350276995762228 94
1683139476519 0.6382708941480796 95
1683139594801 0.6281604091522142 96
1683139712901 0.6435014869779202 97
1683139831447 0.6365664845029709 98
1683139949735 0.6513941066312086 99
1683140067837 0.6410553172010506 100
1683140186235 0.6333075716284108 101
1683140304585 0.6460795577230125 102
1683140423023 0.6343045974599903 103
1683140541163 0.6424079170367988 104
1683140659469 0.6329631583737623 105
1683140778192 0.6344323628054463 106
1683140896190 0.6392473989519579 107
1683141014475 0.6391064041647417 108
1683141132914 0.65694164774688 109
1683141251501 0.6398053854850713 110
1683141370056 0.6399913279000174 111
1683141488796 0.6384452424319507 112
1683141607291 0.64538378976836 113
1683141725366 0.6297397573886834 114
1683141843701 0.6403652027322742 115
1683141961936 0.6374474484932247 116
1683142080468 0.6344624301189272 117
1683142198579 0.6380237900271204 118
1683142316839 0.6394987238451765 119
1683142435411 0.6454235736666054 120
1683142554094 0.6483180199937867 121
1683142672214 0.6383729334828889 122
1683142790657 0.6417344164084918 123
1683142908899 0.6455347612867215 124
