1683127943236 0.05343185550082092 0
1683128127177 0.07060755336617391 1
1683128260113 0.08709359605911318 2
1683128419273 0.09362889983579627 3
1683128543375 0.09589490968801306 4
1683128667082 0.10098522167487681 5
1683128793184 0.11031198686371099 6
1683128924928 0.12226600985221675 7
1683129053159 0.13287356321839072 8
1683129177276 0.14072249589490968 9
1683129300498 0.15852216748768472 10
1683129424333 0.1722824302134647 11
1683129547391 0.19119868637110005 12
1683129669895 0.20857142857142852 13
1683129793034 0.2271921182266009 14
1683129915681 0.25353037766830866 15
1683130038752 0.275632183908046 16
1683130162196 0.2944499178981938 17
1683130285682 0.3121510673234813 18
1683130409335 0.3422988505747127 19
1683130532930 0.36055829228243025 20
1683130655940 0.38551724137931037 21
1683130779272 0.3997044334975371 22
1683130902032 0.4307060755336615 23
1683131025129 0.4507717569786535 24
1683131147585 0.474778325123153 25
1683131270479 0.49651888341543504 26
1683131393123 0.5137931034482759 27
1683131516091 0.5406568144499179 28
1683131638855 0.5644663382594418 29
1683131761301 0.5877504105090311 30
1683131883971 0.6128078817733991 31
1683132002518 0.6256157635467983 32
1683132125336 0.6536288998357966 33
1683132243865 0.6612151067323478 34
1683132362264 0.6889983579638754 35
1683132480553 0.6988177339901479 36
1683132598697 0.7198357963875204 37
1683132716989 0.7419704433497544 38
1683132835265 0.7511001642036124 39
1683132953542 0.7722824302134644 40
1683133072052 0.7713957307060761 41
1683133190582 0.7767816091954021 42
1683133309009 0.7809852216748763 43
1683133427765 0.789261083743842 44
1683133546390 0.7890311986863705 45
1683133664716 0.7947783251231525 46
1683133782867 0.7935960591133002 47
1683133900937 0.7887356321839075 48
1683134019283 0.7945812807881771 49
1683134137682 0.7864367816091957 50
1683134256176 0.790935960591133 51
1683134374533 0.8022331691297206 52
1683134492871 0.7940886699507391 53
1683134611258 0.7859441707717572 54
1683134729555 0.7852216748768479 55
1683134847820 0.7889983579638757 56
1683134966351 0.7917569786535308 57
1683135084736 0.7931034482758627 58
1683135203092 0.7900492610837441 59
1683135321652 0.7879146141215105 60
1683135439834 0.7925779967159282 61
1683135558298 0.7881116584564858 62
1683135676579 0.7906403940886693 63
1683135795184 0.7916912972085386 64
1683135913838 0.786666666666667 65
1683136032170 0.7881444991789817 66
1683136150779 0.7917241379310346 67
1683136269005 0.7806896551724137 68
1683136387541 0.7908702791461413 69
1683136505856 0.7918883415435141 70
1683136624232 0.7832183908045978 71
1683136742555 0.7928407224958948 72
1683136861020 0.7828899835796387 73
1683136979422 0.7856486042692943 74
1683137098277 0.7975041050903124 75
1683137216474 0.7863054187192124 76
1683137334817 0.7844991789819379 77
1683137452987 0.7980295566502463 78
1683137571461 0.7903776683087026 79
1683137689709 0.7923481116584566 80
1683137808306 0.7890311986863713 81
1683137926634 0.7961904761904763 82
1683138045004 0.790377668308703 83
1683138163396 0.7966830870279146 84
1683138285189 0.793793103448276 85
1683138406399 0.7901149425287358 86
1683138525308 0.7874876847290649 87
1683138644239 0.7999671592775047 88
1683138763309 0.7945812807881774 89
1683138882350 0.7920525451559935 90
1683139001009 0.7859770114942525 91
1683139120273 0.7831855500821011 92
1683139239339 0.7976026272577995 93
1683139358212 0.7939901477832513 94
1683139476519 0.7909031198686376 95
1683139594801 0.7922824302134648 96
1683139712901 0.7881116584564855 97
1683139831447 0.7897536945812811 98
1683139949735 0.7874548440065677 99
1683140067837 0.7880459770114944 100
1683140186235 0.7975697865353041 101
1683140304585 0.7832183908045981 102
1683140423023 0.7894252873563217 103
1683140541163 0.7866666666666667 104
1683140659469 0.7969458128078819 105
1683140778192 0.7930049261083744 106
1683140896190 0.7895894909688017 107
1683141014475 0.7909359605911329 108
1683141132914 0.7839408866995078 109
1683141251501 0.7883415435139575 110
1683141370056 0.7924466338259447 111
1683141488796 0.7925123152709359 112
1683141607291 0.7920197044334977 113
1683141725366 0.7942857142857142 114
1683141843701 0.7906403940886693 115
1683141961936 0.7904761904761907 116
1683142080468 0.79376026272578 117
1683142198579 0.7903776683087035 118
1683142316839 0.7898522167487689 119
1683142435411 0.7884729064039409 120
1683142554094 0.7866009852216748 121
1683142672214 0.7919211822660099 122
1683142790657 0.7880459770114943 123
1683142908899 0.7878160919540228 124
