1683112904779 0.05532544378698222 0
1683113030011 0.07938856015779104 1
1683113155608 0.09191321499013821 2
1683113281151 0.09506903353057226 3
1683113406881 0.0963510848126235 4
1683113534200 0.10700197238658805 5
1683113662241 0.11715976331360983 6
1683113792600 0.12396449704142039 7
1683113918334 0.13727810650887598 8
1683114043702 0.1509861932938857 9
1683114168661 0.16735700197238682 10
1683114295298 0.18007889546351089 11
1683114426358 0.20098619329388587 12
1683114558268 0.22110453648915185 13
1683114690536 0.24457593688362908 14
1683114822286 0.268836291913215 15
1683114954903 0.29575936883629156 16
1683115086274 0.3201183431952659 17
1683115216219 0.3447731755424058 18
1683115345260 0.36814595660749466 19
1683115477279 0.3957593688362919 20
1683115605054 0.4272189349112425 21
1683115735614 0.4442800788954637 22
1683115863895 0.4707100591715978 23
1683115993757 0.49832347140039435 24
1683116119118 0.5141025641025637 25
1683116244017 0.5439842209072973 26
1683116369349 0.5630177514792889 27
1683116494706 0.5820512820512805 28
1683116621571 0.6120315581854028 29
1683116751660 0.6268244575936867 30
1683116882169 0.6484220907297813 31
1683117012561 0.6724852071005901 32
1683117139960 0.6917159763313598 33
1683117266877 0.7071005917159743 34
1683117395913 0.7271203155818535 35
1683117526249 0.7461538461538465 36
1683117650252 0.7519723865877711 37
1683117773444 0.7739644970414213 38
1683117896495 0.789644970414202 39
1683118019665 0.8112426035502975 40
1683118144565 0.8136094674556231 41
1683118269280 0.8127218934911264 42
1683118392612 0.8277120315581872 43
1683118516183 0.8319526627218958 44
1683118643176 0.8283037475345192 45
1683118771057 0.8289940828402388 46
1683118900555 0.8340236686390559 47
1683119027505 0.8353057199211065 48
1683119153818 0.8362919132149921 49
