1683112904779 5.048960448722162 0
1683113030011 4.849281129752391 1
1683113155608 4.78636229884695 2
1683113281151 4.726899446820366 3
1683113406881 4.670308734538287 4
1683113534200 4.578676239273252 5
1683113662241 4.420272127411069 6
1683113792600 4.190389230406496 7
1683113918334 4.004095224233774 8
1683114043702 3.7702694990225796 9
1683114168661 3.5766255792076067 10
1683114295298 3.414418912498203 11
1683114426358 3.242373521511371 12
1683114558268 3.0713210938244884 13
1683114690536 2.902529327121712 14
1683114822286 2.765170580536656 15
1683114954903 2.5706000010642778 16
1683115086274 2.4430844332339494 17
1683115216219 2.326169052067593 18
1683115345260 2.199960459971569 19
1683115477279 2.0585332304768307 20
1683115605054 1.922500048868755 21
1683115735614 1.8291269064654965 22
1683115863895 1.7123382222017594 23
1683115993757 1.6215878125478531 24
1683116119118 1.542617054909644 25
1683116244017 1.4163086119840835 26
1683116369349 1.3528832953709822 27
1683116494706 1.2772443779474179 28
1683116621571 1.1930733749852378 29
1683116751660 1.114619306558688 30
1683116882169 1.062310523711718 31
1683117012561 0.9830298668886783 32
1683117139960 0.9370001299670462 33
1683117266877 0.8731129839575502 34
1683117395913 0.8121813568314151 35
1683117526249 0.754771840290205 36
1683117650252 0.7336502110464334 37
1683117773444 0.6708358382067737 38
1683117896495 0.6320838083088751 39
1683118019665 0.5614313189182761 40
1683118144565 0.549737757038788 41
1683118269280 0.5520267677024977 42
1683118392612 0.514542571979867 43
1683118516183 0.5074970707209152 44
1683118643176 0.5086700999172482 45
1683118771057 0.5074711306648847 46
1683118900555 0.48432042767133937 47
1683119027505 0.48617455473489307 48
1683119153818 0.4762223101931916 49
