1683081336460 5.069188226032727 0
1683081455746 4.834744178602848 1
1683081576328 4.715676209022259 2
1683081697361 4.432469422006842 3
1683081817306 4.022090810860319 4
1683081936705 3.5492626140857566 5
1683082056183 3.147738025693471 6
1683082175413 2.7994396381190256 7
1683082294635 2.5405070711239217 8
1683082414195 2.304864696093968 9
1683082533455 2.101022037966498 10
1683082653146 1.9226718970707484 11
1683082772599 1.7745693428763027 12
1683082891919 1.600799721450054 13
1683083010408 1.4621693430275753 14
1683083130130 1.3142172221479744 15
1683083247968 1.1879113724666277 16
1683083365825 1.0755939201768396 17
1683083485061 0.9598765202930996 18
1683083602807 0.8657477797545823 19
1683083720943 0.7666595494512267 20
1683083840325 0.6685419627304735 21
1683083958232 0.598542402677348 22
1683084076053 0.5527894883760678 23
1683084193998 0.5095353866445607 24
1683084311914 0.4399697569937542 25
1683084429939 0.4048343833003725 26
1683084547837 0.3993907158304318 27
1683084665565 0.38620840031378373 28
1683084783714 0.39084742581609433 29
1683084901706 0.3687726334104397 30
1683085019827 0.3651540697795417 31
1683085137996 0.37622803339523636 32
1683085256164 0.3680650125730214 33
1683085373849 0.3673553859512207 34
1683085491596 0.3693106344033932 35
1683085609727 0.3723234352953915 36
1683085727604 0.36684132950940157 37
1683085845520 0.3606621297489246 38
1683085963739 0.3731327513462217 39
1683086081742 0.3723695738415413 40
1683086199536 0.36250321500994304 41
1683086317420 0.3601720157662049 42
1683086435553 0.36828479126756414 43
1683086554033 0.3600164256219206 44
1683086672292 0.3734765637831148 45
1683086790389 0.3614203040969783 46
1683086908314 0.36265875560603117 47
1683087026000 0.3568073475155337 48
1683087144002 0.3636199065617153 49
