1683081336460 0.061280788177339854 0
1683081455746 0.08164203612479468 1
1683081576328 0.09513957307060744 2
1683081697361 0.11438423645320188 3
1683081817306 0.1386863711001643 4
1683081936705 0.17756978653530367 5
1683082056183 0.21307060755336596 6
1683082175413 0.2591789819376025 7
1683082294635 0.3019376026272578 8
1683082414195 0.34686371100164215 9
1683082533455 0.38410509031198686 10
1683082653146 0.42538587848932674 11
1683082772599 0.45875205254515583 12
1683082891919 0.507487684729064 13
1683083010408 0.5440722495894911 14
1683083130130 0.588341543513957 15
1683083247968 0.6251231527093601 16
1683083365825 0.6585221674876849 17
1683083485061 0.694975369458128 18
1683083602807 0.7232512315270938 19
1683083720943 0.7503119868637108 20
1683083840325 0.7802955665024631 21
1683083958232 0.8103448275862066 22
1683084076053 0.8243021346469622 23
1683084193998 0.8371756978653528 24
1683084311914 0.8607224958949099 25
1683084429939 0.8785878489326764 26
1683084547837 0.8789162561576361 27
1683084665565 0.8807553366174047 28
1683084783714 0.8771428571428576 29
1683084901706 0.8912315270935959 30
1683085019827 0.8848275862068968 31
1683085137996 0.8830870279146144 32
1683085256164 0.8883415435139572 33
1683085373849 0.8860755336617402 34
1683085491596 0.889523809523809 35
1683085609727 0.8839737274220034 36
1683085727604 0.8825615763546797 37
1683085845520 0.8894252873563213 38
1683085963739 0.8824630541871921 39
1683086081742 0.8859113300492611 40
1683086199536 0.8907060755336618 41
1683086317420 0.8890640394088672 42
1683086435553 0.8826272577996719 43
1683086554033 0.8880131362889987 44
1683086672292 0.8855172413793104 45
1683086790389 0.8890311986863714 46
1683086908314 0.888210180623973 47
1683087026000 0.8900821018062394 48
1683087144002 0.890246305418719 49
