1683087263887 5.275797104013377 0
1683087383261 5.033929491277986 1
1683087503104 4.913194205373379 2
1683087622911 4.872229336517785 3
1683087742527 4.8396871383554245 4
1683087862148 4.806976755264357 5
1683087981571 4.76954659804922 6
1683088101144 4.734991975605781 7
1683088220350 4.70039416768868 8
1683088339635 4.655824466291906 9
1683088458859 4.6034290661365524 10
1683088578601 4.545093092425116 11
1683088698478 4.468128615412219 12
1683088817973 4.372100511795194 13
1683088937467 4.258901345906 14
1683089056887 4.15112599363468 15
1683089176339 4.037725991216199 16
1683089295650 3.9237643603620858 17
1683089415450 3.8126631851853996 18
1683089535334 3.6967643622694344 19
1683089655154 3.5948546214643957 20
1683089774644 3.4838888962280574 21
1683089894390 3.401509808789333 22
1683090014223 3.3063431995842842 23
1683090134062 3.2265293527706502 24
1683090253813 3.122645671731733 25
1683090373361 3.0395096029554094 26
1683090492901 2.9607656882901496 27
1683090612299 2.8822691299645182 28
1683090731821 2.804792569775887 29
1683090851503 2.7527364134201275 30
1683090970981 2.6822318008967807 31
1683091090692 2.628204277583531 32
1683091210255 2.5450487254288396 33
1683091330257 2.4986864510428144 34
1683091449796 2.434885098429149 35
1683091569244 2.3856851314676217 36
1683091688970 2.343866838022993 37
1683091808611 2.2713173539767713 38
1683091928789 2.225730099114291 39
1683092048196 2.1947946824463718 40
1683092167795 2.1071984779658575 41
1683092285948 2.0974406074420573 42
1683092405307 2.0202709477523277 43
1683092525256 1.9882454267276333 44
1683092644891 1.9289594824090968 45
1683092764566 1.898596591550141 46
1683092884251 1.84257624125833 47
1683093004126 1.8043283552959049 48
1683093123838 1.767301551226912 49
