1683087263887 0.04916256157635464 0
1683087383261 0.06765188834154343 1
1683087503104 0.06791461412151055 2
1683087622911 0.0695894909688012 3
1683087742527 0.07727422003284065 4
1683087862148 0.08886699507389147 5
1683087981571 0.09100164203612464 6
1683088101144 0.09280788177339884 7
1683088220350 0.0944827586206895 8
1683088339635 0.09894909688013133 9
1683088458859 0.10463054187192108 10
1683088578601 0.10952380952380945 11
1683088698478 0.1186206896551724 12
1683088817973 0.11999999999999998 13
1683088937467 0.12824302134646953 14
1683089056887 0.1309688013136288 15
1683089176339 0.14072249589490973 16
1683089295650 0.15346469622331693 17
1683089415450 0.16190476190476188 18
1683089535334 0.16715927750410497 19
1683089655154 0.1760262725779966 20
1683089774644 0.18325123152709347 21
1683089894390 0.19142857142857142 22
1683090014223 0.20160919540229877 23
1683090134062 0.21159277504105076 24
1683090253813 0.22456486042692939 25
1683090373361 0.23264367816091946 26
1683090492901 0.2445320197044334 27
1683090612299 0.2516584564860427 28
1683090731821 0.2626600985221676 29
1683090851503 0.27293924466338265 30
1683090970981 0.28216748768472927 31
1683091090692 0.29257799671592793 32
1683091210255 0.3114942528735635 33
1683091330257 0.31559934318555033 34
1683091449796 0.32564860426929426 35
1683091569244 0.3335960591133007 36
1683091688970 0.3361247947454846 37
1683091808611 0.35684729064039405 38
1683091928789 0.36771756978653536 39
1683092048196 0.3667651888341545 40
1683092167795 0.38814449917898214 41
1683092285948 0.3944170771756978 42
1683092405307 0.40407224958949106 43
1683092525256 0.41517241379310366 44
1683092644891 0.4300164203612477 45
1683092764566 0.436518883415435 46
1683092884251 0.44656814449917914 47
1683093004126 0.4565845648604268 48
1683093123838 0.4703448275862067 49
