1683093244611 5.069188226032727 0
1683093364546 4.834747976857453 1
1683093484336 4.715382658202072 2
1683093604089 4.431909516527147 3
1683093723721 4.0212277614424385 4
1683093843450 3.5469574681643783 5
1683093963324 3.1443728331861824 6
1683094083272 2.7965391304692613 7
1683094203088 2.5377798338829005 8
1683094322905 2.3024805590436963 9
1683094442564 2.0992565501499647 10
1683094562281 1.9232581290118214 11
1683094682071 1.7764500085943438 12
1683094801627 1.6014517275570648 13
1683094919997 1.465116750430591 14
1683095039905 1.3185122063007262 15
1683095159754 1.190626025787128 16
1683095279489 1.0622530321182289 17
1683095397577 0.9637114335163474 18
1683095516294 0.8769591485925496 19
1683095634206 0.7723621943314087 20
1683095752530 0.6939183862632131 21
1683095870388 0.610422495257091 22
1683095988621 0.5466196145036538 23
1683096106762 0.4938849709891333 24
1683096224809 0.4621103093248283 25
1683096342692 0.4478507248198458 26
1683096460765 0.446912900567642 27
1683096578713 0.4374871198179687 28
1683096696827 0.42541435287503776 29
1683096814790 0.41587881876036453 30
1683096932676 0.43406559982029674 31
1683097050542 0.4192020998065695 32
1683097168745 0.4225107649423806 33
1683097286569 0.4346430698785876 34
1683097404590 0.4092692474426307 35
1683097522735 0.41075906964945674 36
1683097640738 0.41246469304185784 37
1683097758813 0.40306384310933757 38
1683097876745 0.42459752465703804 39
1683097994479 0.41593705558130895 40
1683098112228 0.4173623128918004 41
1683098230368 0.4252869523511144 42
1683098348393 0.4085150524019608 43
1683098465907 0.4318250087388043 44
1683098583835 0.4120828649533793 45
1683098701852 0.4118793357916066 46
1683098819641 0.4090663886128975 47
1683098937771 0.4196498967303431 48
1683099055965 0.4179611705206885 49
