1683093244611 0.061280788177339854 0
1683093364546 0.08174055829228236 1
1683093484336 0.09523809523809512 2
1683093604089 0.11448275862068953 3
1683093723721 0.1389819376026273 4
1683093843450 0.1759934318555007 5
1683093963324 0.21336617405582908 6
1683094083272 0.26154351395730707 7
1683094203088 0.30134646962233164 8
1683094322905 0.347553366174056 9
1683094442564 0.3863711001642037 10
1683094562281 0.42459770114942524 11
1683094682071 0.4570771756978655 12
1683094801627 0.5078817733990149 13
1683094919997 0.5443678160919538 14
1683095039905 0.5865681444991785 15
1683095159754 0.625977011494253 16
1683095279489 0.665385878489327 17
1683095397577 0.6919211822660102 18
1683095516294 0.7149096880131366 19
1683095634206 0.7503448275862067 20
1683095752530 0.7760919540229881 21
1683095870388 0.8011822660098521 22
1683095988621 0.8222003284072257 23
1683096106762 0.8443021346469627 24
1683096224809 0.8542528735632191 25
1683096342692 0.8609852216748771 26
1683096460765 0.8637438423645326 27
1683096578713 0.865550082101807 28
1683096696827 0.8685714285714291 29
1683096814790 0.8724466338259441 30
1683096932676 0.8658456486042696 31
1683097050542 0.8717569786535309 32
1683097168745 0.8662725779967165 33
1683097286569 0.861346469622332 34
1683097404590 0.8717898193760261 35
1683097522735 0.8701149425287354 36
1683097640738 0.8720853858784897 37
1683097758813 0.8754351395730701 38
1683097876745 0.865254515599343 39
1683097994479 0.8715599343185554 40
1683098112228 0.8700164203612482 41
1683098230368 0.8643349753694586 42
1683098348393 0.8748111658456489 43
1683098465907 0.8649261083743839 44
1683098583835 0.8725123152709361 45
1683098701852 0.873596059113301 46
1683098819641 0.8737274220032847 47
1683098937771 0.8696880131362892 48
1683099055965 0.8708045977011499 49
