1683119287200 0.07278106508875751 0
1683119417634 0.10069033530572011 1
1683119548217 0.13698224852071025 2
1683119680216 0.20739644970414203 3
1683119806336 0.28806706114398395 4
1683119932455 0.36380670611439797 5
1683120057435 0.4535502958579882 6
1683120183377 0.5291913214990133 7
1683120307593 0.6061143984220893 8
1683120432577 0.6631163708086769 9
1683120557864 0.7276134122287967 10
1683120682093 0.7710059171597639 11
1683120806694 0.8216962524654849 12
1683120930362 0.8471400394477328 13
1683121054366 0.8763313609467464 14
1683121178030 0.8893491124260372 15
1683121301603 0.911932938856016 16
1683121425644 0.9333333333333332 17
1683121549288 0.9436883629191317 18
1683121672853 0.9483234714003939 19
1683121796457 0.9502958579881655 20
1683121920454 0.9529585798816553 21
1683122043493 0.9551282051282035 22
1683122175935 0.9572978303747528 23
1683122308646 0.9565088757396445 24
1683122486486 0.951873767258382 25
1683122674472 0.9557199211045354 26
1683122861922 0.9569033530571984 27
1683123048076 0.9594674556213008 28
1683123235449 0.955621301775147 29
1683123424487 0.9586785009861919 30
1683123585530 0.962820512820512 31
1683123779302 0.9572978303747522 32
1683123961132 0.9591715976331348 33
1683124101822 0.9586785009861922 34
1683124290408 0.9589743589743576 35
1683124474426 0.9562130177514784 36
1683124606943 0.9571992110453638 37
1683124736492 0.9577909270216958 38
1683124866413 0.9588757396449696 39
1683124998148 0.9563116370808667 40
1683125129927 0.957593688362918 41
1683125258427 0.9571005917159755 42
1683125390274 0.9589743589743579 43
1683125522041 0.9568047337278097 44
1683125655806 0.9554240631163695 45
1683125792360 0.9559171597633128 46
1683125922488 0.9588757396449699 47
1683126053215 0.9577909270216953 48
1683126180648 0.9554240631163702 49
