1683119287200 4.949875205226198 0
1683119417634 4.682847382048883 1
1683119548217 3.9798673038651957 2
1683119680216 3.2398653799260155 3
1683119806336 2.6506363276899214 4
1683119932455 2.233353263527684 5
1683120057435 1.8444604781957774 6
1683120183377 1.550683208118529 7
1683120307593 1.257678094171208 8
1683120432577 1.0409946957459817 9
1683120557864 0.8358878667008948 10
1683120682093 0.6968255162944456 11
1683120806694 0.5590855387540964 12
1683120930362 0.4639552854133781 13
1683121054366 0.385852277896108 14
1683121178030 0.3504472056172303 15
1683121301603 0.27366249243447766 16
1683121425644 0.22885468962585784 17
1683121549288 0.1903968025770413 18
1683121672853 0.1723641315144459 19
1683121796457 0.16816648169690687 20
1683121920454 0.15376325368815097 21
1683122043493 0.15510001949987998 22
1683122175935 0.1503891966101774 23
1683122308646 0.15065377089332724 24
1683122486486 0.15832518382802518 25
1683122674472 0.15070828708913728 26
1683122861922 0.14239487736954315 27
1683123048076 0.141547328944059 28
1683123235449 0.14581958046899393 29
1683123424487 0.13999395881994411 30
1683123585530 0.13635765695007596 31
1683123779302 0.14062971897842086 32
1683123961132 0.154582007115806 33
1683124101822 0.14036995386870127 34
1683124290408 0.13768750073707844 35
1683124474426 0.1541730636322992 36
1683124606943 0.15158376665014398 37
1683124736492 0.14677910000835298 38
1683124866413 0.14016869496664353 39
1683124998148 0.1433970473662636 40
1683125129927 0.14385969525192088 41
1683125258427 0.13970132582110062 42
1683125390274 0.1448254557381544 43
1683125522041 0.14646099415778585 44
1683125655806 0.14268320850124197 45
1683125792360 0.14476616618350235 46
1683125922488 0.14305362060732213 47
1683126053215 0.14318244693216664 48
1683126180648 0.15033501393806475 49
