1683042870414 7.968488016436177 0
1683042950161 5.082747356865996 1
1683043029203 4.9746496600489465 2
1683043108103 4.906699519003591 3
1683043187176 4.841373638440204 4
1683043265812 4.8048429437862925 5
1683043344488 4.768611031193887 6
1683043423295 4.742518199387417 7
1683043502060 4.7348998028744935 8
1683043581233 4.7068654798692275 9
1683043660232 4.692302714111984 10
1683043739529 4.681473972976849 11
1683043818727 4.67399275174705 12
1683043893723 4.668574287045386 13
1683043968282 4.66274994163103 14
1683044042963 4.651947682903659 15
1683044117796 4.648497289226901 16
1683044192244 4.643286561453214 17
1683044266823 4.645514944548248 18
1683044341243 4.641306123425884 19
1683044416198 4.634521812521001 20
1683044490731 4.632354341527467 21
1683044565254 4.627573351706228 22
1683044639926 4.625003650624265 23
1683044714670 4.623109638050038 24
1683044789336 4.621349150134671 25
