1683042870426 0.005856992099130385 0
1683042950166 0.009701492537313432 1
1683043029207 0.01 2
1683043108108 0.01 3
1683043187180 0.010172413793103447 4
1683043265816 0.01 5
1683043344493 0.01 6
1683043423300 0.01 7
1683043502065 0.009285878300803675 8
1683043581238 0.01 9
1683043660237 0.01 10
1683043739533 0.01 11
1683043818731 0.01 12
1683043893727 0.01 13
1683043968286 0.01 14
1683044042967 0.01 15
1683044117800 0.01 16
1683044192248 0.01 17
1683044266827 0.01 18
1683044341247 0.01 19
1683044416202 0.008907003444316879 20
1683044490736 0.01 21
1683044565258 0.01 22
1683044639930 0.01 23
1683044714674 0.01 24
1683044789340 0.01 25
