1683042870419 0.01134672619047619 0
1683042950163 0.01209077380952381 1
1683043029205 0.01246279761904762 2
1683043108106 0.01246279761904762 3
1683043187178 0.012648809523809524 4
1683043265813 0.01246279761904762 5
1683043344491 0.01246279761904762 6
1683043423298 0.01246279761904762 7
1683043502063 0.011532738095238096 8
1683043581235 0.01246279761904762 9
1683043660234 0.01246279761904762 10
1683043739531 0.01246279761904762 11
1683043818729 0.01246279761904762 12
1683043893725 0.01246279761904762 13
1683043968284 0.01246279761904762 14
1683044042965 0.01246279761904762 15
1683044117798 0.01246279761904762 16
1683044192246 0.01246279761904762 17
1683044266825 0.01246279761904762 18
1683044341245 0.01246279761904762 19
1683044416200 0.01097470238095238 20
1683044490733 0.01246279761904762 21
1683044565256 0.01246279761904762 22
1683044639928 0.01246279761904762 23
1683044714672 0.01246279761904762 24
1683044789338 0.01246279761904762 25
