1683042870422 0.0009059566619145533 0
1683042950164 0.0002393665991530105 1
1683043029206 0.000246459444546625 2
1683043108107 0.000246459444546625 3
1683043187179 0.0005852613085206795 4
1683043265815 0.00024627825767322185 5
1683043344492 0.00024627825767322185 6
1683043423299 0.0002462330025725836 7
1683043502064 0.0003803023499476126 8
1683043581236 0.00024627825767322185 9
1683043660235 0.0002461877641006798 10
1683043739532 0.0002461877641006798 11
1683043818730 0.00024627825767322185 12
1683043893726 0.000246504782928624 13
1683043968285 0.0002463688177973893 14
1683044042966 0.0002461877641006798 15
1683044117799 0.0002463235294117647 16
1683044192247 0.0002462330025725836 17
1683044266826 0.0002463235294117647 18
1683044341246 0.00024627825767322185 19
1683044416201 0.00043214454923850995 20
1683044490734 0.0002463688177973893 21
1683044565257 0.0002462330025725836 22
1683044639929 0.0002461877641006798 23
1683044714673 0.0002461877641006798 24
1683044789339 0.0002461877641006798 25
