1683143092961 0.0005 0
1683143215232 0.0005 1
1683143337690 0.0005 2
1683143460363 0.0005 3
1683143583025 0.0005 4
1683143705445 0.0005 5
1683143828143 0.0005 6
1683143950855 0.0005 7
1683144068803 0.0005 8
1683144191652 0.0005 9
1683144314043 0.0005 10
1683144436867 0.0005 11
1683144559428 0.0005 12
1683144681964 0.0005 13
1683144800442 0.0005 14
1683144923054 0.0005 15
1683145041231 0.0005 16
1683145163410 0.0005 17
1683145281380 0.0005 18
1683145404226 0.0005 19
1683145522259 0.0005 20
1683145640672 0.0005 21
1683145758820 0.0005 22
1683145881328 0.0005 23
1683146003754 0.0005 24
1683146121977 0.0005 25
1683146245022 0.0005 26
1683146363055 0.0005 27
1683146481347 0.0005 28
1683146599640 0.0005 29
1683146717897 0.0005 30
1683146836352 0.0005 31
1683146954321 5e-05 32
1683147076901 5e-05 33
1683147199821 5e-05 34
1683147322697 5e-05 35
1683147440925 5e-05 36
1683147558790 5e-05 37
1683147676879 5e-05 38
1683147795013 5e-05 39
1683147913181 5e-05 40
1683148031495 5e-06 41
1683148149717 5e-06 42
1683148268123 5e-06 43
1683148386439 5e-06 44
1683148505176 5e-06 45
1683148624900 5e-06 46
1683148744603 5.000000000000001e-07 47
1683148863276 5.000000000000001e-07 48
1683148981698 5.000000000000001e-07 49
1683149099787 5.000000000000001e-07 50
1683149218115 5.000000000000001e-07 51
1683149336491 5.000000000000001e-07 52
1683149454446 5.000000000000001e-08 53
1683149572885 5.000000000000001e-08 54
1683149691111 5.000000000000001e-08 55
1683149808958 5.000000000000001e-08 56
1683149928890 5.000000000000001e-08 57
1683150047070 5.000000000000001e-08 58
1683150165240 5.000000000000002e-09 59
1683150283092 5.000000000000002e-09 60
1683150401787 5.000000000000002e-09 61
1683150522273 5.000000000000002e-09 62
1683150645935 5.000000000000002e-09 63
1683150768060 5.000000000000002e-09 64
1683150888928 5.000000000000002e-09 65
1683151011447 5.000000000000002e-09 66
1683151131592 5.000000000000002e-09 67
1683151255060 5.000000000000002e-09 68
1683151376603 5.000000000000002e-09 69
1683151506690 5.000000000000002e-09 70
1683151626505 5.000000000000002e-09 71
1683151746506 5.000000000000002e-09 72
1683151866521 5.000000000000002e-09 73
1683151986370 5.000000000000002e-09 74
1683152106036 5.000000000000002e-09 75
1683152226026 5.000000000000002e-09 76
1683152346084 5.000000000000002e-09 77
1683152465845 5.000000000000002e-09 78
1683152585310 5.000000000000002e-09 79
1683152704755 5.000000000000002e-09 80
1683152824634 5.000000000000002e-09 81
1683152943815 5.000000000000002e-09 82
1683153063097 5.000000000000002e-09 83
1683153182318 5.000000000000002e-09 84
1683153301616 5.000000000000002e-09 85
1683153420612 5.000000000000002e-09 86
1683153540131 5.000000000000002e-09 87
1683153659347 5.000000000000002e-09 88
1683153778524 5.000000000000002e-09 89
1683153897751 5.000000000000002e-09 90
1683154016966 5.000000000000002e-09 91
1683154136122 5.000000000000002e-09 92
1683154254220 5.000000000000002e-09 93
1683154372332 5.000000000000002e-09 94
1683154490754 5.000000000000002e-09 95
1683154609074 5.000000000000002e-09 96
1683154727052 5.000000000000002e-09 97
1683154845547 5.000000000000002e-09 98
