1683143092961 0 0
1683143215232 1 1
1683143337690 2 2
1683143460363 3 3
1683143583025 4 4
1683143705445 5 5
1683143828143 6 6
1683143950855 7 7
1683144068803 8 8
1683144191652 9 9
1683144314043 10 10
1683144436867 11 11
1683144559428 12 12
1683144681964 13 13
1683144800442 14 14
1683144923054 15 15
1683145041231 16 16
1683145163410 17 17
1683145281380 18 18
1683145404226 19 19
1683145522259 20 20
1683145640672 21 21
1683145758820 22 22
1683145881328 23 23
1683146003754 24 24
1683146121977 25 25
1683146245022 26 26
1683146363055 27 27
1683146481347 28 28
1683146599640 29 29
1683146717897 30 30
1683146836352 31 31
1683146954321 32 32
1683147076901 33 33
1683147199821 34 34
1683147322697 35 35
1683147440925 36 36
1683147558790 37 37
1683147676879 38 38
1683147795013 39 39
1683147913181 40 40
1683148031495 41 41
1683148149717 42 42
1683148268123 43 43
1683148386439 44 44
1683148505176 45 45
1683148624900 46 46
1683148744603 47 47
1683148863276 48 48
1683148981698 49 49
1683149099787 50 50
1683149218115 51 51
1683149336491 52 52
1683149454446 53 53
1683149572885 54 54
1683149691111 55 55
1683149808958 56 56
1683149928890 57 57
1683150047070 58 58
1683150165240 59 59
1683150283092 60 60
1683150401787 61 61
1683150522273 62 62
1683150645935 63 63
1683150768060 64 64
1683150888928 65 65
1683151011447 66 66
1683151131592 67 67
1683151255060 68 68
1683151376603 69 69
1683151506690 70 70
1683151626505 71 71
1683151746506 72 72
1683151866521 73 73
1683151986370 74 74
1683152106036 75 75
1683152226026 76 76
1683152346084 77 77
1683152465845 78 78
1683152585310 79 79
1683152704755 80 80
1683152824634 81 81
1683152943815 82 82
1683153063097 83 83
1683153182318 84 84
1683153301616 85 85
1683153420612 86 86
1683153540131 87 87
1683153659347 88 88
1683153778524 89 89
1683153897751 90 90
1683154016966 91 91
1683154136122 92 92
1683154254220 93 93
1683154372332 94 94
1683154490754 95 95
1683154609074 96 96
1683154727052 97 97
1683154845547 98 98
