1683143092961 0.08922824302134642 0
1683143215232 0.11970443349753693 1
1683143337690 0.1585550082101806 2
1683143460363 0.2022331691297207 3
1683143583025 0.25530377668308696 4
1683143705445 0.30039408866995093 5
1683143828143 0.36935960591133005 6
1683143950855 0.42016420361247936 7
1683144068803 0.4594088669950737 8
1683144191652 0.5100821018062397 9
1683144314043 0.5613136288998358 10
1683144436867 0.6032512315270933 11
1683144559428 0.6145812807881773 12
1683144681964 0.657504105090312 13
1683144800442 0.6765517241379313 14
1683144923054 0.697405582922825 15
1683145041231 0.7188505747126436 16
1683145163410 0.7460098522167491 17
1683145281380 0.7512643678160921 18
1683145404226 0.7713300492610838 19
1683145522259 0.7747454844006572 20
1683145640672 0.7790476190476191 21
1683145758820 0.7936288998357968 22
1683145881328 0.8017405582922825 23
1683146003754 0.8148440065681444 24
1683146121977 0.8152052545155996 25
1683146245022 0.8178653530377669 26
1683146363055 0.8334646962233174 27
1683146481347 0.8500164203612475 28
1683146599640 0.8382594417077177 29
1683146717897 0.8503776683087033 30
1683146836352 0.8552709359605911 31
1683146954321 0.8485714285714286 32
1683147076901 0.9203612479474539 33
1683147199821 0.9549425287356319 34
1683147322697 0.9624302134646954 35
1683147440925 0.971362889983578 36
1683147558790 0.9762561576354675 37
1683147676879 0.975139573070607 38
1683147795013 0.9785550082101798 39
1683147913181 0.980886699507388 40
1683148031495 0.9820361247947448 41
1683148149717 0.9871921182266001 42
1683148268123 0.9836124794745472 43
1683148386439 0.9866009852216737 44
1683148505176 0.9864367816091943 45
1683148624900 0.985385878489326 46
1683148744603 0.986272577996715 47
1683148863276 0.9864039408866991 48
1683148981698 0.9879802955665018 49
1683149099787 0.9872906403940881 50
1683149218115 0.9873891625615753 51
1683149336491 0.9865681444991783 52
1683149454446 0.9887684729064037 53
1683149572885 0.9881444991789815 54
1683149691111 0.9874548440065677 55
1683149808958 0.9870279146141211 56
1683149928890 0.9894252873563211 57
1683150047070 0.9877832512315263 58
1683150165240 0.9865024630541859 59
1683150283092 0.985681444991789 60
1683150401787 0.9886699507389155 61
1683150522273 0.9894581280788173 62
1683150645935 0.9869293924466328 63
1683150768060 0.9883415435139564 64
1683150888928 0.9872906403940879 65
1683151011447 0.987816091954022 66
1683151131592 0.9874220032840717 67
1683151255060 0.9892610837438419 68
1683151376603 0.9868965517241375 69
1683151506690 0.9873891625615756 70
1683151626505 0.9887684729064031 71
1683151746506 0.9883743842364522 72
1683151866521 0.987684729064039 73
1683151986370 0.9869950738916246 74
1683152106036 0.9897536945812799 75
1683152226026 0.9874548440065669 76
1683152346084 0.9880459770114938 77
1683152465845 0.9882101806239724 78
1683152585310 0.9876518883415427 79
1683152704755 0.9873891625615759 80
1683152824634 0.98975369458128 81
1683152943815 0.9872906403940881 82
1683153063097 0.9884400656814443 83
1683153182318 0.9891625615763541 84
1683153301616 0.987980295566501 85
1683153420612 0.985648604269293 86
1683153540131 0.9887684729064034 87
1683153659347 0.9881444991789813 88
1683153778524 0.9869293924466331 89
1683153897751 0.988045977011493 90
1683154016966 0.9855829228243013 91
1683154136122 0.9888669950738909 92
1683154254220 0.987881773399014 93
1683154372332 0.9882430213464691 94
1683154490754 0.9880788177339898 95
1683154609074 0.9877175697865346 96
1683154727052 0.9892282430213462 97
1683154845547 0.9877832512315265 98
