1683143092961 4.784540774199763 0
1683143215232 3.988951826330476 1
1683143337690 3.3770664360722886 2
1683143460363 2.9321292797332914 3
1683143583025 2.593203778924613 4
1683143705445 2.323182755503161 5
1683143828143 2.0487933934028515 6
1683143950855 1.8477707555141356 7
1683144068803 1.683311154102457 8
1683144191652 1.4849194608298428 9
1683144314043 1.3150511304733201 10
1683144436867 1.1968205327470902 11
1683144559428 1.1503448586158564 12
1683144681964 1.026344173941119 13
1683144800442 0.9723676443099976 14
1683144923054 0.9138240049331646 15
1683145041231 0.8650768199577707 16
1683145163410 0.7741804874589291 17
1683145281380 0.762401694881505 18
1683145404226 0.710527340913641 19
1683145522259 0.694753226975502 20
1683145640672 0.6757944014859317 21
1683145758820 0.6391457678942845 22
1683145881328 0.601726499831148 23
1683146003754 0.5738244492725786 24
1683146121977 0.5673324851126507 25
1683146245022 0.5614596755046563 26
1683146363055 0.509423289466374 27
1683146481347 0.480647173494541 28
1683146599640 0.4985511035754763 29
1683146717897 0.4572271231947274 30
1683146836352 0.4612564961678289 31
1683146954321 0.46753038392571983 32
1683147076901 0.26433314496807275 33
1683147199821 0.16080603702681992 34
1683147322697 0.1298454519306204 35
1683147440925 0.10361553033070611 36
1683147558790 0.09201488230983025 37
1683147676879 0.08387374721944625 38
1683147795013 0.0809410706602881 39
1683147913181 0.07272446526242007 40
1683148031495 0.0685783808298519 41
1683148149717 0.055412162379751655 42
1683148268123 0.06082851618638473 43
1683148386439 0.05552021532865434 44
1683148505176 0.059056795404058664 45
1683148624900 0.056288719902117854 46
1683148744603 0.05520721772694823 47
1683148863276 0.057091575143445886 48
1683148981698 0.05147142073350587 49
1683149099787 0.052587711715639515 50
1683149218115 0.05422877359749942 51
1683149336491 0.056480248197179124 52
1683149454446 0.05240418836290907 53
1683149572885 0.05255304817385568 54
1683149691111 0.05253183301721741 55
1683149808958 0.05681768758451851 56
1683149928890 0.051424534807871715 57
1683150047070 0.05125701377911521 58
1683150165240 0.05585062480416938 59
1683150283092 0.0582360941045023 60
1683150401787 0.05078978142861662 61
1683150522273 0.050495084742166726 62
1683150645935 0.05392406111252793 63
1683150768060 0.052510834021466266 64
1683150888928 0.054340595021623694 65
1683151011447 0.05402614266652926 66
1683151131592 0.05535358685100901 67
1683151255060 0.05017086889668198 68
1683151376603 0.052245075557509374 69
1683151506690 0.053565751930946495 70
1683151626505 0.05091953417056887 71
1683151746506 0.05159523319269489 72
1683151866521 0.05159854292502544 73
1683151986370 0.052442065866783336 74
1683152106036 0.05031767788485353 75
1683152226026 0.052472871888814304 76
1683152346084 0.053394457339102704 77
1683152465845 0.05218273253533347 78
1683152585310 0.05324530470749281 79
1683152704755 0.05529634178308724 80
1683152824634 0.0498529875311505 81
1683152943815 0.053658828226473235 82
1683153063097 0.049806297981533514 83
1683153182318 0.051617451798941553 84
1683153301616 0.05182386621410771 85
1683153420612 0.057868558023436906 86
1683153540131 0.05104804472089401 87
1683153659347 0.05465181429269425 88
1683153778524 0.05651695753810147 89
1683153897751 0.05183218312656204 90
1683154016966 0.05461231831075816 91
1683154136122 0.05092532309047474 92
1683154254220 0.05202063824063892 93
1683154372332 0.051076501534490164 94
1683154490754 0.05208781635930092 95
1683154609074 0.05335675168259464 96
1683154727052 0.050649538048969704 97
1683154845547 0.053303094259623825 98
